[SoundCard]
SampFreq=1.200000e+04
TxSampOffset=0.000000e+00
FifoRX=12
FifoTX=4
Priority=1
Device=-1
Stereo=0
DeviceMMW=

[Define]
FFTType=1
FFTGain=2
FFTResp=2
FFTStgv=0
FFTLow=700
FFTWidth=2000
FFTAGC=1
FFTPriority=0
LevelType=0
UseRxBuff=1
PTT=NONE
PTTLock=1
RTSonRX=0
TXLoopBack=0
ColorOffset=0
ColorWhite=7.812500e-03
ColorBlack=7.812500e-03
ColorCalibration=0
RXFSKID=1
TXFSKID=0
CWID=0
CWIDSpeed=10
CWIDFreq=800
CWIDText=K
VOX=0
VOXTone="1500,100,1700,100,2300,100,2100,100,1900,100,1500,100"
TXBUF=8
TXGAIN=24576
TXBPF=1
TXLPF=0
TXBPFTAP=24
TXLPFFQ=2000
DEMSLVL=1
Differentiator=0
DiffLevel=1.000000e+00
RXAFC=0
RXLMS=0
RXLMSAN=0
DEMBPF=0
SyncStart=1
SyncReStart=1
AutoStop=0
AutoSync=1
SyncAccuracy=1
AutoSlant=1
AutoClear=1
DemType=0
fqcOutOrder=3
fqcOutFC=9.000000e+02
fqcType=0
fqcSmooth=2.200000e+03
pllVcoGain=1.000000e+00
pllLoopOrder=1
pllLoopFC=1.500000e+03
pllOutOrder=3
pllOutFC=9.000000e+02
Call=NOCALL

[Color]
WaterLow=16728064
WaterHigh=65535
FFTB=32768
FFT=65535
FFTStg=16777215
FFTSync=16777215
FFTFreq=0
AutoClear=0

[Polynomial]
Value0=-1.636467e+04
Value1=-1.428800e+04
Value2=-1.223433e+04
Value3=-1.019400e+04
Value4=-8.179333e+03
Value5=-6.145000e+03
Value6=-4.088667e+03
Value7=-2.063000e+03
Value8=-1.233333e+01
Value9=2.050000e+03
Value10=4.105000e+03
Value11=6.209000e+03
Value12=8.332667e+03
Value13=1.045133e+04
Value14=1.256500e+04
Value15=1.463267e+04
Value16=1.663133e+04

[Vari]
Enabled=0
R=298
G=588
B=110

[RADIO]
PortName=NONE
BaudRate=4800
BitLen=1
Stop=1
Parity=0
flwXON=0
flwCTS=0
usePTT=0
ByteWait=0
Cmdxx=0
CmdInit=
CmdRx=\$000000000F
CmdTx=\$000000010F\w10
FileGNR=
OpenGNR=0
PollType=0
PollInterval=5

